rawdata/1.bmp 9 116 426 146 150 294 355 88 74 393 264 94 92 359 428 139 120 238 547 149 124 506 512 172 149 768 311 113 135 865 144 65 50 494 238 66 48
rawdata/10.bmp 4 89 162 39 22 133 152 27 14 114 152 23 10 194 155 40 22
rawdata/11.bmp 4 6 142 24 26 54 137 31 27 94 131 28 20 127 151 31 19
rawdata/2.bmp 5 18 92 32 27 73 76 21 16 139 100 37 17 171 56 48 49 210 99 39 30
rawdata/3.bmp 3 121 95 34 34 163 93 29 31 210 105 47 37
rawdata/4.bmp 1 58 264 258 200
rawdata/5.bmp 1 61 63 166 129
rawdata/6.bmp 4 79 149 40 36 105 132 14 20 120 127 18 21 145 132 22 20
rawdata/7.bmp 1 80 97 94 73
rawdata/8.bmp 1 49 76 143 110
rawdata/9.bmp 2 166 92 37 28 28 97 36 31
